====== RESTART: C:/Users/lenovo/Desktop/DAA/starter_outputs.py ======
=== STARTER DATASET GENERATOR ===
Generated DAG with 160 nodes
Sample connections from node 0: [4, 10, 11, 20, 21, 23, 34, 39, 44, 46, 47, 49, 52, 54, 55, 56, 59, 60, 69, 70, 75, 79, 82, 83, 84, 86, 88, 92, 94, 99, 101, 110, 112, 115, 118, 119, 120, 124, 125, 131, 132, 135, 136, 138, 142, 145, 148, 154, 155, 156, 157]
Total edges: 3817

Starter dataset saved to 'starter_dataset.json'
This file contains a random DAG for testing topological sort algorithms.

First 10 nodes with their connections:
  Node 0: [4, 10, 11, 20, 21, 23, 34, 39, 44, 46, 47, 49, 52, 54, 55, 56, 59, 60, 69, 70, 75, 79, 82, 83, 84, 86, 88, 92, 94, 99, 101, 110, 112, 115, 118, 119, 120, 124, 125, 131, 132, 135, 136, 138, 142, 145, 148, 154, 155, 156, 157]
  Node 1: [2, 6, 10, 15, 24, 25, 27, 31, 34, 36, 38, 40, 42, 43, 47, 48, 49, 54, 66, 69, 72, 77, 79, 80, 83, 90, 91, 94, 96, 98, 102, 103, 107, 110, 112, 117, 118, 120, 123, 126, 133, 137, 138, 140, 145, 152, 157, 159]
  Node 2: [7, 10, 17, 19, 20, 23, 26, 30, 34, 35, 37, 39, 40, 44, 46, 48, 52, 54, 56, 57, 58, 60, 62, 67, 68, 72, 73, 83, 91, 93, 97, 105, 107, 113, 138, 140, 142, 145, 147, 151, 152, 157]
  Node 3: [8, 9, 10, 13, 14, 16, 17, 21, 22, 23, 26, 28, 37, 39, 40, 44, 48, 50, 56, 58, 61, 64, 66, 80, 83, 86, 94, 100, 104, 106, 108, 109, 110, 115, 118, 122, 126, 128, 131, 135, 138, 139, 148, 151, 155, 157]
  Node 4: [5, 7, 8, 15, 21, 31, 34, 37, 38, 40, 50, 51, 53, 55, 56, 58, 61, 73, 74, 75, 78, 80, 84, 86, 89, 91, 95, 99, 104, 105, 111, 114, 115, 119, 124, 125, 134, 136, 141, 142, 147, 150, 155, 158]
  Node 5: [10, 11, 16, 19, 30, 31, 33, 34, 35, 36, 37, 40, 43, 47, 54, 65, 66, 70, 73, 78, 80, 82, 83, 88, 94, 97, 100, 114, 118, 120, 121, 123, 126, 128, 130, 132, 135, 137, 148, 150, 155, 156, 158, 159]
  Node 6: [9, 18, 20, 25, 33, 44, 45, 46, 50, 53, 55, 57, 69, 73, 76, 79, 84, 96, 109, 113, 116, 117, 118, 119, 125, 127, 128, 132, 136, 137, 138, 140, 144, 147, 148, 149, 156]
  Node 7: [13, 14, 15, 16, 19, 28, 30, 32, 36, 42, 44, 51, 55, 60, 64, 65, 72, 82, 95, 96, 98, 100, 101, 104, 111, 112, 117, 119, 120, 121, 123, 125, 127, 131, 132, 143]
  Node 8: [9, 10, 12, 15, 20, 25, 26, 27, 30, 33, 39, 40, 43, 44, 50, 51, 55, 57, 58, 60, 61, 63, 64, 69, 70, 72, 76, 77, 78, 80, 83, 85, 87, 88, 89, 93, 96, 97, 99, 102, 103, 105, 107, 109, 111, 113, 114, 116, 117, 120, 122, 123, 125, 129, 135, 138, 146, 151, 152, 159]
  Node 9: [13, 14, 17, 19, 21, 23, 24, 26, 28, 29, 31, 34, 38, 44, 50, 53, 56, 57, 58, 64, 67, 68, 71, 73, 77, 79, 82, 84, 87, 91, 94, 100, 101, 102, 114, 116, 118, 120, 121, 122, 123, 126, 127, 128, 129, 135, 138, 143, 144, 148, 153, 155, 156]